time cpu-1-0 cpu-1-1024 cpu-1-1024 cpu-1-1024 cpu-1-1024 cpu-1-1024 cpu-1-1024
2 0.67 86.23 67.58 75.34 48.80 58.38 61.61
3 0.19 69.89 87.54 51.61 58.51 49.39 81.67
4 0.39 74.67 74.94 76.06 47.82 51.15 74.30
5 0.21 74.22 50.38 71.02 59.61 70.90 72.61
6 0.18 68.08 49.43 90.76 72.31 68.58 49.99
7 0.08 49.15 61.93 75.14 72.02 70.65 73.63
8 0.57 60.18 60.41 83.85 72.53 48.21 68.65
9 0.11 70.42 67.48 51.06 80.71 79.01 50.20
10 0.20 55.67 81.79 81.41 55.46 64.17 60.80
11 0.40 81.97 66.20 69.48 60.94 57.76 63.06
12 0.23 78.01 69.51 79.72 65.18 51.18 54.73
13 0.24 48.89 71.47 60.37 59.19 88.07 71.98
14 0.41 57.61 68.35 63.02 78.52 72.28 59.18
15 0.19 70.32 71.92 66.10 50.72 71.66 68.27
16 0.29 50.85 74.22 78.16 52.31 86.47 56.64
17 0.18 73.81 88.26 78.66 51.09 48.38 58.57
18 0.20 59.79 71.75 61.46 63.86 63.79 78.37
19 0.51 60.13 79.71 58.64 63.01 64.07 72.75
20 0.28 68.89 64.34 71.43 58.80 81.65 54.68
21 0.42 75.06 79.97 75.61 59.20 58.67 49.45
22 0.15 52.61 83.57 62.37 67.66 83.37 49.60
23 0.35 48.45 61.55 68.24 82.40 88.71 50.82
24 0.26 72.69 62.59 70.30 87.97 49.30 56.43
25 0.48 76.09 91.30 45.66 50.28 76.44 58.61
26 0.11 56.62 79.65 76.65 64.10 51.05 70.69
27 0.30 76.53 73.34 62.97 64.16 56.82 66.08
28 0.14 81.40 93.85 68.34 56.07 51.10 47.92
29 0.14 61.65 79.50 71.30 67.76 67.75 51.10
30 0.18 45.75 70.32 81.58 61.51 78.47 61.55
31 0.15 43.37 51.80 80.96 63.49 76.93 83.12
32 0.15 46.21 88.81 62.07 64.78 75.58 61.48
33 0.23 46.40 55.53 71.07 90.00 73.45 62.25
34 0.22 46.63 44.70 78.77 74.01 71.54 83.53
35 0.68 63.36 56.53 91.80 54.06 68.96 66.56
36 0.06 55.63 79.56 70.04 55.77 57.37 77.88
37 0.06 56.48 74.97 50.06 90.34 65.18 62.32
38 0.06 56.04 54.81 77.08 82.93 65.61 62.43
39 0.07 83.03 74.62 46.66 75.08 70.11 49.96
40 0.07 82.19 55.06 72.73 75.46 60.45 55.04
41 0.44 72.74 47.57 93.19 52.06 52.35 80.01
42 0.28 74.42 53.45 80.92 74.01 49.37 66.28
43 0.74 57.80 72.30 61.55 61.21 75.28 69.56
44 0.09 46.29 85.53 87.50 63.77 44.06 72.14
45 0.14 77.58 52.95 69.75 60.07 63.48 74.93
46 0.12 86.88 81.79 74.29 60.01 49.85 47.26
47 0.13 61.87 46.52 68.31 68.55 67.39 86.46
48 0.11 50.87 74.50 77.31 92.77 51.88 52.12
49 0.11 71.97 63.48 79.97 58.32 49.02 76.75
50 0.12 56.68 55.93 75.48 58.73 73.41 79.05
51 0.12 64.68 85.58 70.76 66.70 51.68 60.24
52 0.11 67.43 50.60 56.12 76.45 78.59 70.11
53 0.11 95.47 68.75 75.11 51.75 61.40 46.79
54 0.10 82.19 58.27 73.06 69.18 66.39 51.16
55 0.14 61.90 73.60 73.73 63.61 75.14 50.16
56 0.14 81.31 59.47 45.98 68.24 64.90 79.52
57 0.13 76.23 67.13 67.11 53.94 65.87 68.64
58 0.23 44.81 67.01 83.77 56.00 82.24 64.53
59 0.14 85.43 80.02 57.46 59.96 66.74 50.53
60 0.23 51.61 84.46 81.15 51.59 80.10 50.60
61 0.63 57.88 77.93 74.65 49.52 69.33 68.23
62 0.06 71.51 47.19 78.29 82.93 44.38 74.83
63 0.07 74.26 56.15 78.34 68.75 77.18 45.83
64 0.11 52.50 91.20 53.47 72.58 77.64 51.32
65 0.20 46.31 74.29 51.82 78.00 81.52 68.31
66 0.22 60.85 62.65 78.38 86.69 49.19 60.25
67 0.11 73.90 83.59 50.15 54.70 76.43 60.91
68 0.11 69.21 68.20 47.92 89.99 66.22 58.39
69 0.17 64.74 79.69 48.82 52.06 89.11 63.92
70 0.11 47.41 82.93 68.93 70.20 45.25 85.26
71 0.12 59.10 75.55 61.95 69.39 81.22 52.25
72 0.12 66.69 73.38 81.78 45.84 81.95 50.13
73 0.17 83.89 83.57 53.84 58.82 65.14 53.54
74 0.14 80.40 86.27 65.19 48.89 50.73 68.57
75 0.11 47.04 66.22 64.52 79.34 82.39 59.29
76 0.13 91.34 58.02 68.22 52.10 77.38 52.61
77 0.24 72.96 57.05 88.65 57.64 73.54 49.61
78 0.18 64.55 70.04 72.40 68.38 53.55 70.73
79 0.27 74.53 58.35 83.90 73.75 53.73 54.07
80 0.55 68.30 72.34 81.14 51.20 49.64 74.06
81 1.08 51.97 84.91 70.59 70.54 51.16 77.54
82 0.22 74.27 60.62 63.92 82.62 51.77 55.58
83 0.14 57.83 46.23 80.98 63.98 69.27 80.05
84 0.31 58.45 75.77 72.60 74.33 68.30 50.21
85 0.25 70.39 65.49 69.37 66.62 76.46 51.71
86 0.32 50.42 90.61 69.71 55.24 48.41 83.73
87 0.20 70.91 49.17 73.75 62.18 56.60 84.50
88 0.14 49.30 74.37 73.54 70.49 59.88 70.75
89 0.30 72.94 78.27 63.87 78.63 54.36 50.33
90 0.18 55.53 71.02 59.12 47.62 86.87 79.29
91 0.19 91.41 75.25 73.92 60.36 47.12 50.99
92 0.18 70.53 62.68 69.83 79.72 47.95 68.36
93 0.26 48.23 79.78 57.86 60.96 74.54 76.33
94 0.19 73.12 77.87 68.87 50.33 56.81 70.41
95 0.14 51.86 78.85 93.84 50.70 53.36 71.36
96 0.37 65.47 63.56 66.55 46.45 74.36 85.43
97 0.39 69.81 64.34 52.01 48.47 80.11 75.51
98 0.06 79.52 81.39 43.52 87.91 56.15 51.03
99 0.10 57.73 87.58 57.52 83.11 63.61 50.09
100 0.07 41.10 77.77 59.44 84.43 86.92 49.89
101 0.08 47.08 74.54 78.63 89.46 66.02 43.32
102 0.09 71.53 56.75 76.64 62.11 82.11 51.09
103 0.05 73.20 47.18 68.46 62.36 68.62 78.99
104 0.06 74.43 77.27 75.65 51.92 47.55 73.31
105 0.12 53.22 92.37 52.26 50.98 69.24 81.45
106 0.06 48.85 58.62 48.23 86.94 84.37 72.39
107 0.06 78.29 59.64 50.88 75.82 51.27 83.70
108 0.13 66.31 56.95 69.00 50.09 91.84 65.11
109 0.18 88.62 67.37 85.30 52.23 51.76 53.82
110 0.27 73.59 75.21 55.46 48.43 90.94 56.06
111 0.16 78.87 75.70 63.50 61.41 66.98 53.49
112 0.20 72.82 58.31 48.50 68.64 71.82 78.23
113 0.21 47.78 69.70 77.30 46.89 77.94 79.46
114 0.17 62.98 71.16 55.47 90.99 47.11 71.30
115 0.15 72.01 55.38 76.53 56.12 86.82 51.51
116 0.19 50.31 72.71 77.14 76.89 69.99 52.01
117 0.19 85.86 67.03 64.86 46.46 47.49 86.74
118 0.15 66.55 80.33 67.55 68.50 53.22 63.30
119 0.14 51.68 85.87 82.83 64.47 51.69 62.50
120 0.19 63.82 65.13 93.85 49.39 43.73 83.22
121 0.15 81.25 48.77 56.65 78.00 85.50 49.65
122 0.39 72.04 56.26 88.21 55.99 65.65 63.30
123 0.69 50.53 51.85 67.80 76.05 77.14 69.03
124 0.17 69.11 74.96 68.19 57.12 54.43 74.32
125 0.30 47.05 51.64 80.44 80.81 57.76 81.95
126 0.29 52.19 85.61 58.16 68.16 87.53 46.66
127 0.17 65.09 62.06 71.26 48.90 62.20 89.93
128 0.28 48.47 79.08 77.62 72.14 70.25 51.90
129 0.57 74.95 82.04 75.54 51.14 70.80 46.72
130 0.12 72.27 82.34 43.11 67.20 85.31 46.12
131 0.09 80.71 66.24 45.97 83.39 61.85 61.68
132 0.06 61.80 65.85 57.12 87.20 76.97 48.82
133 0.05 73.04 50.67 52.59 69.16 96.12 58.51
134 0.16 42.82 90.47 61.45 74.86 82.07 47.21
135 0.07 59.42 61.60 89.14 54.83 59.19 75.42
136 0.20 76.43 70.17 63.54 77.33 58.33 53.99
137 0.16 51.92 49.95 83.31 56.38 74.44 82.91
138 0.31 56.83 46.78 72.76 78.08 78.99 64.51
139 0.05 74.32 46.57 60.61 77.55 60.59 80.05
140 0.07 67.86 49.40 76.65 78.25 46.18 81.03
141 0.09 61.68 82.54 47.64 86.00 54.82 67.00
142 0.23 59.67 64.24 70.65 70.00 72.71 62.11
143 0.29 90.77 66.06 60.74 50.74 49.83 82.05
144 0.21 79.67 75.75 83.23 48.44 59.52 52.98
145 0.37 60.71 70.86 59.62 56.29 71.23 79.98
146 0.05 49.49 61.25 81.75 80.04 77.91 48.75
147 0.07 46.13 77.29 80.97 65.93 75.07 53.70
148 0.13 76.79 72.20 75.48 51.34 54.74 70.00
149 0.18 78.17 75.62 55.19 69.04 73.15 46.90
150 0.06 85.96 51.44 78.90 77.88 50.96 55.13
151 0.28 60.27 66.96 81.51 57.98 75.88 56.49
152 0.21 62.08 53.03 95.93 61.33 72.63 52.84
153 0.15 70.42 39.24 80.74 66.16 70.50 71.60
154 0.18 70.20 54.55 74.58 73.77 81.10 46.73
155 0.47 48.71 94.75 84.42 44.40 60.69 64.42
156 0.06 79.34 53.07 72.83 61.92 64.56 67.94
157 0.06 61.50 79.26 71.06 89.02 47.07 51.09
158 0.05 89.87 49.92 49.74 75.60 73.86 61.19
159 0.05 56.51 66.60 53.40 73.87 57.22 92.45
160 0.13 80.11 78.58 50.14 64.20 71.51 55.20
161 0.06 95.13 64.02 47.81 51.73 59.34 80.79
162 0.06 88.68 64.82 46.09 70.37 49.27 80.56
163 0.11 80.20 61.16 77.26 66.45 43.80 69.46
164 0.17 51.37 50.11 58.15 76.53 78.61 84.97
165 0.15 77.11 61.39 62.84 48.89 61.21 86.86
166 0.15 91.43 52.40 52.94 72.16 54.66 74.52
167 0.15 61.87 61.94 68.42 59.39 72.60 75.43
168 0.20 49.02 73.29 65.17 68.92 53.93 87.54
169 0.15 56.99 80.18 70.51 58.89 52.39 78.83
170 0.23 72.65 47.96 76.89 75.99 77.31 45.92
171 0.21 62.37 81.12 72.44 47.23 87.07 48.58
172 0.77 50.91 58.17 88.62 64.04 61.50 81.55
173 0.31 46.92 61.79 87.08 68.85 66.46 60.34
174 0.24 78.65 58.39 61.04 74.12 65.64 62.44
175 0.24 48.84 94.65 53.41 50.25 80.34 70.47
176 0.17 48.03 73.39 68.17 69.62 67.25 72.53
177 0.14 66.80 85.12 50.09 47.93 84.70 64.58
178 0.17 83.85 70.57 73.51 79.58 45.42 45.53
179 0.19 71.85 77.90 50.90 45.91 77.75 76.44
180 0.62 70.63 76.42 78.40 45.56 76.59 50.56
181 0.26 60.35 58.28 65.85 64.83 78.86 71.61
182 0.17 85.37 60.67 73.11 81.10 55.09 43.30
183 0.36 76.32 62.91 58.91 67.69 84.02 49.80
184 0.25 49.72 63.27 67.99 84.93 87.69 45.90
185 0.47 44.37 66.89 83.71 66.21 69.48 66.19
186 0.18 74.69 72.08 67.18 75.35 50.38 59.46
187 0.13 47.19 72.84 51.79 86.80 52.34 88.28
188 0.16 78.27 75.00 50.17 73.81 61.28 60.84
189 0.12 68.98 64.86 49.88 46.25 83.45 85.50
190 0.25 71.82 81.09 46.03 54.21 74.64 73.63
